function tab = parameters_tab()
    % PARAMETERS_TAB
%     tab.UMi_corr_d_LOS  = [10, 15, 7, 8, 8, 12, 12];    % SF/K/DS/ASD/ASA/ZSD/ZSA
%     tab.UMi_corr_d_NLOS = [13, 10, 10, 9, 10, 10];     % SF/DS/ASD/ASA/ZSD/ZSA
%     tab.UMi_corr_d_O2I  = [7, 10, 11, 17, 25, 25];      % SF/DS/ASD/ASA/ZSD/ZSA
% 
%     tab.UMa_corr_d_LOS  = [37, 12, 30, 18, 15, 15, 15];     % SF/K/DS/ASD/ASA/ZSD/ZSA
%     tab.UMa_corr_d_NLOS = [50, 40, 50, 50, 50, 50];        % SF/DS/ASD/ASA/ZSD/ZSA
%     tab.UMa_corr_d_O2I  = [7, 10, 11, 17, 25, 25];          % SF/DS/ASD/ASA/ZSD/ZSA
%     
%     tab.RMa_corr_d_LOS  = [37, 40, 50, 25, 35, 15, 15];     % SF/K/DS/ASD/ASA/ZSD/ZSA
%     tab.RMa_corr_d_NLOS = [120, 36, 30, 40, 50, 50];       % SF/DS/ASD/ASA/ZSD/ZSA
%     tab.RMa_corr_d_O2I  = [120, 36, 30, 40, 50, 50];        % SF/DS/ASD/ASA/ZSD/ZSA
%     
%     tab.InH_corr_d_LOS  = [10, 4, 8, 7, 5, 4, 4];           % SF/K/DS/ASD/ASA/ZSD/ZSA
%     tab.InH_corr_d_NLOS = [6, 5, 3, 3, 4, 4];              % SF/DS/ASD/ASA/ZSD/ZSA

%     tab.UMi_C_sqrt_LOS = [0.9086, 0.2542, -0.0903, -0.2620, -0.1763, 0.0398, 0.0211;
%                           0.2542, 0.8733, -0.4132, -0.0143, -0.0343, -0.0122, 0.0221;
%                           -0.0903, -0.4132, 0.7249, 0.2510, 0.4678, -0.0401, 0.1106;
%                           -0.2620, -0.0143, 0.2510, 0.8598, 0.1428, 0.2893, 0.1575;
%                           -0.1763, -0.0343, 0.4678, 0.1428, 0.8526, -0.0093, -0.0382;
%                           0.0398, -0.0122, -0.0401, 0.2893, -0.0093, 0.9552, -0.0217;
%                           0.0211, 0.0221, 0.1106, 0.1575, -0.0382, -0.0217, 0.9798];
    tab.UMi_C_sqrt_LOS = chol([ 1  , 0.5, -0.4, -0.5, -0.4,   0,  0;
                                 0.5,   1, -0.7, -0.2, -0.3,   0,  0; % SF/K/DS/ASD/ASA/ZSD/ZSA
                                -0.4,-0.7,    1,  0.5,  0.8,   0,0.2;
                                -0.5,-0.2,  0.5,    1,  0.4, 0.5,0.3;
                                -0.4,-0.3,  0.8,  0.4,    1,   0,  0;
                                   0,   0,    0,  0.5,    0,   1,  0;
                                   0,   0,  0.2,  0.3,    0,   0,  1],'lower');

%     tab.UMi_C_sqrt_NLOS = [0.8964, -0.4011, 0.0259, -0.1716, -0.0741, -0.0030;
%                           -0.4011, 0.8302, 0.0709, 0.1949, -0.3252, -0.0341;
%                           0.0259, 0.0709, 0.9079, -0.0277, 0.3008, 0.2808;
%                           -0.1716, 0.1949, -0.0277, 0.9580, 0.0352, 0.1131;
%                           -0.0741, -0.3252, 0.3008, 0.0352, 0.8911, -0.0542;
%                           -0.0030, -0.0341, 0.2808, 0.1131, -0.0542, 0.9509];
    tab.UMi_C_sqrt_NLOS = chol([   1,  -0.7,  0,  -0.4,   0,   0;
                                 -0.7,     1,  0,   0.4,-0.5,   0;
                                    0,     0,  1,     0, 0.5, 0.5;
                                 -0.4,   0.4,  0,     1,   0, 0.2;
                                    0,  -0.5,0.5,     0,   1,   0;
                                    0,     0,0.5,   0.2,   0,   1],'lower');% SF/DS/ASD/ASA/ZSD/ZSA

%     tab.UMi_C_sqrt_O2I = [0.9219, -0.3433, 0.1557, 0.0628, -0.0560, -0.0299;
%                           -0.3433, 0.7731, 0.2628, 0.2841, -0.3435, -0.1294;
%                           0.1557, 0.2628, 0.9483, -0.0509, -0.0592, 0.0368;
%                           0.0628, 0.2841, -0.0509, 0.9086, 0.0136, 0.2950;
%                           -0.0560, -0.3435, -0.0592, 0.0136, 0.9017, 0.2492;
%                           -0.0299, -0.1294, 0.0368, 0.2950, 0.2492, 0.9121];
    tab.UMi_C_sqrt_O2I = chol([    1.0000   -0.5000    0.2000    0.0000    0.0000    0.0000;
                                   -0.5000    1.0000    0.4000    0.4000   -0.6000   -0.2000;
                                    0.2000    0.4000    1.0000    0.0000   -0.2000    0.0000;
                                    0.0000    0.4000    0.0000    1.0000    0.0000    0.5000;
                                    0.0000   -0.6000   -0.2000    0.0000    1.0000    0.5000;
                                    0.0000   -0.2000    0.0000    0.5000    0.5000    1.0000],'lower');

%     tab.UMa_C_sqrt_LOS = [0.7376, -0.0281, -0.1762, -0.3322, -0.2146, 0.0410, -0.5158;
%                           -0.0281, 0.9707, -0.2305, 0.0301, -0.0472, -0.0225, -0.0158;
%                           -0.1762, -0.2305, 0.7361, 0.2725, 0.5189, -0.1294, -0.1170;
%                           -0.3322, 0.0301, 0.2725, 0.8404, -0.0979, 0.3045, -0.0768;
%                           -0.2146, -0.0472, 0.5189, -0.0979, 0.7825, -0.1176, 0.2161;
%                           0.0410, -0.0225, -0.1294, 0.3045, -0.1176, 0.9346, 0.0311;
%                           -0.5158, -0.0158, -0.1170, -0.0768, 0.2161, 0.0311, 0.8164];
    tab.UMa_C_sqrt_LOS = chol([    1.0000    0.0000   -0.4000   -0.5000   -0.5000    0.0000   -0.8000;
                                    0.0000    1.0000   -0.4000    0.0000   -0.2000    0.0000    0.0000;
                                   -0.4000   -0.4000    1.0000    0.4000    0.8000   -0.2000    0.0000;
                                   -0.5000    0.0000    0.4000    1.0000    0.0000    0.5000    0.0000;
                                   -0.5000   -0.2000    0.8000    0.0000    1.0000   -0.3000    0.4000;
                                    0.0000    0.0000   -0.2000    0.5000   -0.3000    1.0000    0.0000;
                                   -0.8000    0.0000    0.0000    0.0000    0.4000    0.0000    1.0000],'lower');

%     tab.UMa_C_sqrt_NLOS = [0.8708, -0.1925, -0.3698, 0.0803, 0.0413, -0.2443;
%                            -0.1925, 0.8218, 0.2402, 0.3301, -0.3475, -0.0102;
%                            -0.3698, 0.2402, 0.7874, 0.2027, 0.3620, -0.1157;
%                            0.0803, 0.3301, 0.2027, 0.9179, 0.0210, 0.0244;
%                            0.0413, -0.3475, 0.3620, 0.0210, 0.8633, 0.0262;
%                            -0.2443, -0.0102, -0.1157, 0.0244, 0.0262, 0.9621];
    tab.UMa_C_sqrt_NLOS = chol([   1.0000   -0.4000   -0.6000    0.0000    0.0000   -0.4000;
                                   -0.4000    1.0000    0.4000    0.6000   -0.5000    0.0000;
                                   -0.6000    0.4000    1.0000    0.4000    0.5000   -0.1000;
                                    0.0000    0.6000    0.4000    1.0000    0.0000    0.0000;
                                    0.0000   -0.5000    0.5000    0.0000    1.0000    0.0000;
                                   -0.4000    0.0000   -0.1000    0.0000    0.0000    1.0000],'lower');

%     tab.UMa_C_sqrt_O2I = [0.9219, -0.3433, 0.1557, 0.0628, -0.0560, -0.0299;
%                           -0.3433, 0.7731, 0.2628, 0.2841, -0.3435, -0.1294;
%                           0.1557, 0.2628, 0.9483, -0.0509, -0.0592, 0.0368;
%                           0.0628, 0.2841, -0.0509, 0.9086, 0.0136, 0.2950;
%                           -0.0560, -0.3435, -0.0592, 0.0136, 0.9017, 0.2492;
%                           -0.0299, -0.1294, 0.0368, 0.2950, 0.2492, 0.9121];
    tab.UMa_C_sqrt_O2I = chol([    1.0000   -0.5000    0.2000    0.0000    0.0000    0.0000;
                                   -0.5000    1.0000    0.4000    0.4000   -0.6000   -0.2000;
                                    0.2000    0.4000    1.0000    0.0000   -0.2000    0.0000;
                                    0.0000    0.4000    0.0000    1.0000    0.0000    0.5000;
                                    0.0000   -0.6000   -0.2000    0.0000    1.0000    0.5000;
                                    0.0000   -0.2000    0.0000    0.5000    0.5000    1.0000],'lower');
    
    tab.RMa_C_sqrt_LOS = chol([    1,     0, -0.5,    0,    0,  0.01,  -0.17;          % SF/K/DS/ASD/ASA/ZSD/ZSA
                                    0,     1,    0,    0,    0,     0,  -0.02;
                                 -0.5,     0,    1,    0,    0, -0.05,   0.27;
                                    0,     0,    0,    1,    0,  0.73,  -0.14;
                                    0,     0,    0,    0,    1,  -0.2,   0.24;
                                 0.01,     0,-0.05, 0.73, -0.2,     1,  -0.07;
                                -0.17, -0.02, 0.27,-0.14, 0.24, -0.07,     1],'lower');

    tab.RMa_C_sqrt_NLOS = chol([    1,  -0.5,   0.6,    0,  -0.04,  -0.25;     % SF/DS/ASD/ASA/ZSD/ZSA
                                  -0.5,     1,  -0.4,    0,   -0.1,   -0.4;
                                   0.6,  -0.4,     1,    0,   0.42,  -0.27;
                                     0,     0,     0,    1,  -0.18,   0.26;
                                 -0.04,  -0.1,  0.42,-0.18,      1,  -0.27;
                                 -0.25,  -0.4, -0.27, 0.26,  -0.27,     1],'lower');

    tab.RMa_C_sqrt_O2I = chol([1, 0,    0,    0,     0,     0;     % SF/DS/ASD/ASA/ZSD/ZSA
                                0, 1,    0,    0,     0,     0;
                                0, 0,    1, -0.7,  0.66,  0.47;
                                0, 0, -0.7,    1, -0.55, -0.22;
                                0, 0, 0.66,-0.55,     1,     0;
                                0, 0, 0.47,-0.22,     0,    1],'lower');
                            
    tab.InH_C_sqrt_LOS = chol([    1,   0.5, -0.8, -0.4, -0.5,   0.2,    0.3;          % SF/K/DS/ASD/ASA/ZSD/ZSA
                                  0.5,     1, -0.5,    0,    0,     0,    0.1;
                                 -0.8,  -0.5,    1,  0.6,  0.8,   0.1,    0.2;
                                 -0.4,     0,  0.6,    1,  0.4,   0.5,      0;
                                 -0.5,     0,  0.8,  0.4,    1,     0,    0.5;
                                  0.2,     0,  0.1,  0.5,    0,     1,      0;
                                  0.3,   0.1,  0.2,    0,  0.5,     0,     1],'lower');

    tab.InH_C_sqrt_NLOS = chol([    1,  -0.5,     0,  -0.4,      0,      0;     % SF/DS/ASD/ASA/ZSD/ZSA
                                  -0.5,     1,   0.4,     0,  -0.27,  -0.06;
                                     0,   0.4,     1,     0,   0.35,   0.23;
                                  -0.4,     0,     0,     1,  -0.08,   0.43;
                                     0, -0.27,  0.35, -0.08,      1,   0.42;
                                     0, -0.06,  0.23,  0.43,   0.42,     1],'lower');
                                 
    tab.InF_C_sqrt_LOS = chol([    1,     0,    0,    0,   0,   0,    0;          % SF/K/DS/ASD/ASA/ZSD/ZSA
                                   0,     1, -0.7, -0.5,   0,   0,    0;
                                   0,  -0.7,    1,    0,   0,   0,    0;
                                   0,  -0.5,    0,    1,   0,   0,    0;
                                   0,     0,    0,    0,   1,   0,    0;
                                   0,     0,    0,    0,   0,   1,    0;
                                   0,     0,    0,    0,   0,   0,    1],'lower');

    tab.InF_C_sqrt_NLOS = chol([    1,   0,   0,   0,   0,    0;     % SF/DS/ASD/ASA/ZSD/ZSA
                                    0,   1,   0,   0,   0,    0;
                                    0,   0,   1,   0,   0,    0;
                                    0,   0,   0,   1,   0,    0;
                                    0,   0,   0,   0,   1,    0;
                                    0,   0,   0,   0,   0,    1],'lower');
end